-1.086033389373853986e+01
-2.140894358855103263e+00
-1.684125278441421236e-01
8.083782916032442589e-01
1.968089294153547497e+00
2.195979233212071335e+00
1.725688252388597022e+00
7.669921127703042130e-01
8.667847838033025942e-01
2.433856572445108668e+00
3.959004409735130459e+00
4.508174074009843935e+00
3.774092375299507474e+00
2.073491481907800971e+00
6.790871685636166166e-01
2.446382853602816265e+00
8.267173749150543927e+00
1.041049758180230711e+01
1.111826193372444038e+01
1.173545544251998329e+01
1.246153982717044961e+01
1.354006445881320708e+01
1.441282824521259798e+01
1.449947461186004283e+01
1.358923848601465956e+01
1.122177087738272228e+01
6.136291642251570089e+00
-4.432146681976608105e-01
-4.052310719728710708e+00
-3.998798067765794162e+00
-3.595513779183518999e-01
7.051185461357939666e+00
1.595941323257593147e+01
2.227213544042772142e+01
2.072020873023916820e+01
7.768156770950453094e+00
6.972894718939698144e+00
1.666508513915436041e+01
2.546860470212461891e+01
2.834328172999623519e+01
2.855998301569362496e+01
3.006188391399023274e+01
3.031782253374736413e+01
2.611020365075265914e+01
2.005494467589102925e+01
1.937633159466189170e+01
2.880210449683399432e+01
3.638121223055053122e+01
3.241945337324925447e+01
3.197705810278655036e+01
3.781067881442057654e+01
3.982479756375213498e+01
4.070437566570164023e+01
3.887345539437152553e+01
2.703127511801974237e+01
2.483100751976103027e+01
3.227780050471300655e+01
4.060550682728957383e+01
4.529899778994585091e+01
4.656535592597030160e+01
4.384474882290919595e+01
3.358089592486394537e+01
3.021606157604922061e+01
4.524408420311166878e+01
5.344815465699235801e+01
4.381811014739846399e+01
4.191068138411223032e+01
4.810341109384804525e+01
5.450938290659632912e+01
5.058095780224164884e+01
5.397198354194443226e+01
5.859346965969233878e+01
5.317077326532326254e+01
1.552908289278811083e+01
2.082896074038652401e+01
4.098217722290479514e+01
5.365534338430593664e+01
6.345079163892146568e+01
6.211057846382824010e+01
5.801269793417478127e+01
6.591577210776453910e+01
6.149240109647608676e+01
2.861206107342902882e+01
2.182511061189226353e+01
2.695037166574934062e+01
4.685809275658053252e+01
7.454906436181417462e+01
6.627131754933979835e+01
4.434673801644666469e+01
4.579524133906226524e+01
6.312296491186453551e+01
7.997732794608666040e+01
3.293243315630378731e+01
-1.689152328586890794e+00
1.259807674216859397e+01
7.044872276304745640e+01
7.878403858217359357e+01
3.463051664795378315e+01
1.871518776085775571e+01
4.248452232810058860e+01
9.269876098608584414e+01
5.714538074826877789e+01
4.812284362453730924e-01
-1.758507253296158268e+01
-2.085288311118592475e+01
-1.165635076463135000e+01
1.539439594972570013e+01
5.833531372889439126e+01
9.811189251252730514e+01
9.648482547086911154e+01
8.702462203663154128e+01
9.285236767398163238e+01
9.370361660579553131e+01
8.022283754967708091e+01
7.284699836467828504e+01
8.487006684614360097e+01
9.309800373960153763e+01
9.591421464513054218e+01
9.802102968060816579e+01
1.047913074255534553e+02
1.157105038150376402e+02
1.062191323357155426e+02
7.498146481997363821e+01
4.486804264541064668e+01
2.207739008646103329e+01
6.095258943221920411e+00
4.424967897517601223e+00
3.620595762017287456e+01
1.088281392579477966e+02
1.035604025309966687e+02
9.892952752681399176e+00
-6.190694483138986293e+00
4.783419838570036831e+00
2.507774643152851723e+01
4.959130399547252921e+01
7.473557659453987867e+01
9.847377052594116265e+01
1.133859977284059113e+02
1.031635876418445008e+02
8.702288566835994743e+01
1.075739877934874897e+02
1.207061240771226664e+02
1.003739372198856898e+02
8.673449675663107428e+01
9.439000658459798387e+01
1.057212533431379313e+02
9.122143882822918215e+01
3.645243826625938510e+01
-8.801564159276438204e+00
-2.555777720012698850e+01
